0.00000	1.00000
0.02500	1.00000
0.05000	1.00000
0.07500	1.00000
0.10000	1.00000
0.12500	1.00000
0.15000	1.00000
0.17500	1.00000
0.20000	1.00000
0.22500	1.00000
0.25000	1.00000
0.27500	1.00000
0.30000	1.00000
0.32500	1.00000
0.35000	1.00000
0.37500	1.00000
0.40000	1.00000
0.42500	1.00000
0.45000	1.00000
0.47500	1.00000
0.50000	1.00000
0.52500	1.00000
0.55000	1.00000
0.57500	1.00000
0.60000	1.00000
0.62500	1.00000
0.65000	1.00000
0.67500	1.00000
0.70000	1.00000
0.72500	1.00000
0.75000	1.00000
0.77500	1.00000
0.80000	1.00000
0.82500	1.00000
0.85000	1.00000
0.87500	1.00000
0.90000	1.00000
0.92500	1.00000
0.95000	1.00000
0.97500	1.00000
1.00000	1.00000